50
1
0
5
1
2
0
3
2
3
2
8
1
4
2
2
4
5
3
6
3
6
5
7
6
7
5
3
3
8
6
8
2
9
8
7
3
10
10
5
3
11
12
15
4
12
12
2
1
13
12
5
2
14
75
3
1
15
76
1
3
16
78
6
4
17
83
7
2
18
88
5
1
19
96
12
3
20
100
5
6
21
115
7
3
22
116
5
2
23
220
6
4
24
222
10
3
25
228
2
1
26
235
5
8
27
242
4
4
28
249
7
2
29
255
1
5
30
258
4
3
31
263
5
1
32
270
5
3
33
272
6
2
34
277
12
5
35
280
8
4
36
288
5
2
37
292
4
5
38
294
6
4
39
300
3
3
40
302
2
1
41
306
2
1
42
308
4
3
43
313
6
4
44
315
5
3
45
317
6
7
46
320
12
2
47
325
7
5
48
328
4
4
49
331
6
3
50
331
1
1